4.932182490752158E-4	5.333333333333334E-4	5.691519635742744E-4	3.158559696778269E-4	3.359086328518643E-4	3.5587188612099647E-4	3.819709702062643E-4	4.610419548178884E-4	4.610419548178884E-4	4.610419548178884E-4
0.0044389642416769425	0.004	0.00398406374501992	0.003790271636133923	0.004030903594222372	0.004270462633451958	0.004201680672268907	0.004610419548178884	0.004610419548178884	0.004610419548178884
0.011097410604192354	0.010666666666666666	0.010529311326124075	0.011054958938723942	0.011420893516963387	0.011387900355871887	0.011077158135981665	0.0119870908252651	0.0119870908252651	0.0119870908252651
0.02096177558569667	0.021333333333333333	0.020204894706886738	0.020846493998736577	0.021498152502519314	0.02206405693950178	0.022536287242169595	0.024896265560165973	0.024896265560165973	0.024896265560165973
0.03255240443896424	0.0336	0.032441661923733635	0.033796588755527476	0.03459858918374202	0.03594306049822064	0.03628724216959511	0.04057169202397418	0.04057169202397418	0.04057169202397418
0.04340320591861899	0.0448	0.043540125213431986	0.0457991156032849	0.047027208599261	0.04911032028469751	0.0481283422459893	0.054402950668510835	0.054402950668510835	0.054402950668510835
0.05770653514180025	0.06	0.058907228229937394	0.0622236260265319	0.06415854887470608	0.06725978647686832	0.06722689075630252	0.07514983863531581	0.07514983863531581	0.07514983863531581
0.07324290998766954	0.0768	0.07626636311895275	0.08022741629816804	0.08196170641585489	0.08576512455516014	0.08441558441558442	0.09313047487321346	0.09313047487321346	0.09313047487321346
0.08803945745992602	0.09173333333333333	0.09106431417188389	0.09633607075173721	0.0987571380584481	0.10355871886120996	0.1027501909854851	0.11295527893038267	0.11295527893038267	0.11295527893038267
0.10554870530209617	0.1104	0.11041548093340922	0.11591914087176247	0.11857574739670809	0.12419928825622775	0.12375859434682965	0.13646841862609496	0.13646841862609496	0.13646841862609496
0.1218249075215783	0.12666666666666668	0.12663631189527605	0.1326595072646873	0.13570708767215317	0.14163701067615658	0.14056531703590527	0.15444905486399263	0.15444905486399263	0.15444905486399263
0.13612823674475955	0.14186666666666667	0.14143426294820718	0.14845230574857865	0.15216661068189452	0.1590747330960854	0.15813598166539344	0.1715076071922545	0.1715076071922545	0.1715076071922545
0.15487053020961775	0.16106666666666666	0.16050085372794537	0.16677195198989261	0.17097749412159893	0.1786476868327402	0.1779984721161192	0.19225449515905949	0.19225449515905949	0.19225449515905949
0.16991368680641183	0.17733333333333334	0.17643710870802504	0.18224889450410614	0.18743701713134028	0.19572953736654805	0.1959511077158136	0.210696173351775	0.210696173351775	0.210696173351775
0.1842170160295931	0.19226666666666667	0.19180421172453044	0.19867340492735314	0.20356063150822976	0.21281138790035586	0.21352177234530176	0.22913785154449054	0.22913785154449054	0.22913785154449054
0.20098643649815043	0.20853333333333332	0.20802504268639727	0.21383449147188882	0.21968424588511926	0.22953736654804271	0.23109243697478993	0.24619640387275243	0.24619640387275243	0.24619640387275243
0.2155363748458693	0.224	0.22310756972111553	0.2289955780164245	0.23412831709774942	0.24448398576512456	0.24560733384262795	0.2595666205624712	0.2595666205624712	0.2595666205624712
0.23304562268803947	0.24186666666666667	0.2404667046101309	0.24478837650031585	0.2502519314746389	0.2612099644128114	0.2631779984721161	0.2784693407100046	0.2784693407100046	0.2784693407100046
0.2441430332922318	0.25306666666666666	0.2518497438816164	0.2561591914087176	0.262344642257306	0.27366548042704625	0.2765469824293354	0.2923005993545413	0.2923005993545413	0.2923005993545413
0.2584463625154131	0.2672	0.26664769493454754	0.2710044219835755	0.2774605307356399	0.2896797153024911	0.2929717341482047	0.30889810972798526	0.30889810972798526	0.30889810972798526
0.2715166461159063	0.28053333333333336	0.28059191804211725	0.28553379658875555	0.2925764192139738	0.305338078291815	0.3097784568372804	0.3273397879207008	0.3273397879207008	0.3273397879207008
0.28286066584463626	0.29173333333333334	0.2922595332953899	0.2984838913455464	0.3053409472623446	0.3188612099644128	0.3235294117647059	0.34163208852005533	0.34163208852005533	0.34163208852005533
0.2976572133168927	0.30666666666666664	0.3062037564029596	0.3123815540113708	0.3197850184749748	0.3334519572953737	0.3384262796027502	0.35730751498386354	0.35730751498386354	0.35730751498386354
0.31467324290998766	0.3237333333333333	0.32270916334661354	0.3288060644346178	0.33624454148471616	0.3501779359430605	0.3559969442322384	0.37621023513139695	0.37621023513139695	0.37621023513139695
0.3309494451294698	0.34053333333333335	0.3400682982356289	0.346809854706254	0.35505542492442055	0.3701067615658363	0.37662337662337664	0.3974181650530198	0.3974181650530198	0.3974181650530198
0.34549938347718867	0.3562666666666667	0.3562891291974957	0.3626026531901453	0.37117903930131	0.3871886120996441	0.3938120702826585	0.4158598432457354	0.4158598432457354	0.4158598432457354
0.3585696670776819	0.36933333333333335	0.3690950483779169	0.37523689197725835	0.3839435673496809	0.400355871886121	0.4067990832696715	0.4292300599354541	0.4292300599354541	0.4292300599354541
0.36966707768187423	0.38133333333333336	0.3816163915765509	0.3875552747946936	0.3950285522337924	0.4117437722419929	0.4186401833460657	0.44306131857999076	0.44306131857999076	0.44306131857999076
0.3797780517879161	0.3917333333333333	0.39214570290267503	0.3982943777637397	0.40577762848505206	0.4220640569395018	0.42895339954163486	0.4532042415859843	0.4532042415859843	0.4532042415859843
0.39284833538840935	0.4056	0.40608992601024474	0.41219204042956414	0.41988579106483037	0.4359430604982206	0.4430863254392666	0.46749654218533887	0.46749654218533887	0.46749654218533887
0.40887792848335386	0.42186666666666667	0.4234490608992601	0.4305116866708781	0.43802485723883106	0.4544483985765125	0.46180290297937354	0.4896265560165975	0.4896265560165975	0.4896265560165975
0.41800246609124536	0.4312	0.4331246442800228	0.4399873657612129	0.44810211622438695	0.4647686832740214	0.47288006111535524	0.5002305209774089	0.5002305209774089	0.5002305209774089
0.4276202219482121	0.44106666666666666	0.4433693796243597	0.4504106127605812	0.4591871011084985	0.4761565836298932	0.4847211611917494	0.5126786537574919	0.5126786537574919	0.5126786537574919
0.4369913686806412	0.45013333333333333	0.4524758110415481	0.45957043588123814	0.46859254282835067	0.48576512455516013	0.4950343773873186	0.5218994928538497	0.5218994928538497	0.5218994928538497
0.4493218249075216	0.4629333333333333	0.46442800227660785	0.47094125078963994	0.48034934497816595	0.49750889679715304	0.5072574484339191	0.5334255417242969	0.5334255417242969	0.5334255417242969
0.45770653514180026	0.4712	0.47296528173022195	0.47915350600126344	0.48874706079946256	0.5060498220640569	0.5164247517188694	0.5431074227754725	0.5431074227754725	0.5431074227754725
0.4655980271270037	0.4792	0.4806488332384747	0.48736576121288694	0.4971447766207592	0.5149466192170818	0.525974025974026	0.5532503457814661	0.5532503457814661	0.5532503457814661
0.4762022194821208	0.4904	0.491747296528173	0.4984207201516109	0.5085656701377226	0.5263345195729537	0.5378151260504201	0.5652374366067312	0.5652374366067312	0.5652374366067312
0.48384710234278666	0.4978666666666667	0.49943084803642573	0.5060012634238787	0.5162915686933154	0.5338078291814946	0.5454545454545454	0.5730751498386353	0.5730751498386353	0.5730751498386353
0.4900123304562269	0.504	0.5056915196357428	0.5120025268477574	0.5226738327175008	0.5405693950177936	0.551948051948052	0.5804518211157216	0.5804518211157216	0.5804518211157216
0.4998766954377312	0.5141333333333333	0.516505406943654	0.5233733417561592	0.5340947262344642	0.5519572953736654	0.5637891520244461	0.5933609958506224	0.5933609958506224	0.5933609958506224
0.5070283600493218	0.5210666666666667	0.5233352305065453	0.5303221730890714	0.5414847161572053	0.5597864768683274	0.5718105423987777	0.6021207929921623	0.6021207929921623	0.6021207929921623
0.5141800246609125	0.5277333333333334	0.5298804780876494	0.5375868603916614	0.5488747060799463	0.5672597864768684	0.5790679908326967	0.6090364223144306	0.6090364223144306	0.6090364223144306
0.5218249075215783	0.5357333333333333	0.5378486055776892	0.5457991156032849	0.5566006046355392	0.5740213523131673	0.5863254392666157	0.615952051636699	0.615952051636699	0.615952051636699
0.5284833538840937	0.5424	0.5441092771770063	0.5514845230574857	0.5626469600268726	0.5797153024911033	0.5916730328495035	0.6210235131396957	0.6210235131396957	0.6210235131396957
0.5361282367447595	0.5488	0.5503699487763233	0.5578016424510424	0.56936513268391	0.5864768683274021	0.5985485103132162	0.6274781005071461	0.6274781005071461	0.6274781005071461
0.5390875462392108	0.552	0.5535002845759818	0.5609602021478206	0.5727242190124286	0.5893238434163701	0.6016042780748663	0.6302443522360535	0.6302443522360535	0.6302443522360535
0.5467324290998767	0.5597333333333333	0.5614684120660216	0.569488313329122	0.5814578434665771	0.597864768683274	0.6103896103896104	0.6390041493775933	0.6390041493775933	0.6390041493775933
0.5531442663378545	0.5656	0.5674445076835515	0.574857864813645	0.5871682902250588	0.6024911032028469	0.6153552330022918	0.6440756108805902	0.6440756108805902	0.6440756108805902
0.5595561035758323	0.5722666666666667	0.5737051792828686	0.5811749842072015	0.5935505542492442	0.6081850533807829	0.6203208556149733	0.6496081143384048	0.6496081143384048	0.6496081143384048
0.5654747225647349	0.5781333333333334	0.5796812749003984	0.5865445356917246	0.598925092374874	0.6131672597864769	0.6256684491978609	0.65283540802213	0.65283540802213	0.65283540802213
0.5694204685573366	0.5821333333333333	0.5836653386454184	0.5909665192672141	0.6029559959690964	0.6167259786476869	0.6294881588999236	0.656984785615491	0.656984785615491	0.656984785615491
0.5753390875462392	0.5877333333333333	0.589356858281161	0.596651926721415	0.6083305340947263	0.6220640569395017	0.6348357524828113	0.6634393729829414	0.6634393729829414	0.6634393729829414
0.580517879161529	0.5933333333333334	0.5947638019351167	0.6013897662665825	0.6130332549546523	0.6266903914590747	0.6394194041252865	0.6680497925311203	0.6680497925311203	0.6680497925311203
0.5866831072749692	0.5997333333333333	0.6013090495162209	0.6086544535691725	0.6200873362445415	0.6334519572953736	0.6462948815889993	0.6749654218533887	0.6749654218533887	0.6749654218533887
0.5923551171393342	0.6056	0.6070005691519635	0.614971572962729	0.6257977830030231	0.6395017793594306	0.6524064171122995	0.6814200092208391	0.6814200092208391	0.6814200092208391
0.5972872996300863	0.6109333333333333	0.6124075128059192	0.6209728363866077	0.6315082297615049	0.6455516014234876	0.6581359816653934	0.6874135546334716	0.6874135546334716	0.6874135546334716
0.6004932182490752	0.6141333333333333	0.6158224245873648	0.6244472520530638	0.6352032247228754	0.6494661921708185	0.661955691367456	0.6911018902720147	0.6911018902720147	0.6911018902720147
0.6076448828606659	0.6216	0.6235059760956175	0.6326595072646873	0.6425932146456164	0.6558718861209965	0.6688311688311688	0.6989396035039188	0.6989396035039188	0.6989396035039188
0.61134401972873	0.6256	0.6277746158224246	0.6373973468098547	0.6472959355055425	0.6601423487544484	0.6730328495034378	0.7030889810972798	0.7030889810972798	0.7030889810972798
0.6180024660912454	0.6322666666666666	0.6346044393853159	0.6443461781427668	0.6546859254282835	0.6661921708185053	0.6795263559969442	0.7090825265099124	0.7090825265099124	0.7090825265099124
0.6249075215782984	0.6389333333333334	0.6405805350028457	0.6506632975363235	0.6614040980853207	0.6729537366548043	0.686401833460657	0.7155371138773629	0.7155371138773629	0.7155371138773629
0.6313193588162762	0.6456	0.647410358565737	0.6579279848389135	0.6681222707423581	0.6800711743772242	0.6940412528647822	0.7233748271092669	0.7233748271092669	0.7233748271092669
0.6379778051787917	0.6517333333333334	0.6531018782014798	0.6636133922931143	0.6734968088679879	0.6850533807829181	0.6986249045072574	0.7284462886122637	0.7284462886122637	0.7284462886122637
0.6419235511713933	0.6557333333333333	0.6573705179282868	0.6674036639292482	0.6775277124622103	0.6889679715302491	0.7024446142093201	0.7316735822959889	0.7316735822959889	0.7316735822959889
0.6471023427866831	0.6610666666666667	0.6630620375640296	0.6727732154137713	0.683238159220692	0.695017793594306	0.7085561497326203	0.7362840018441679	0.7362840018441679	0.7362840018441679
0.6530209617755857	0.6672	0.6693227091633466	0.6797220467466835	0.690628149143433	0.702491103202847	0.7161955691367456	0.7436606731212541	0.7436606731212541	0.7436606731212541
0.6584463625154131	0.672	0.6744450768355151	0.6847757422615287	0.6960026872690628	0.7074733096085409	0.7207792207792207	0.7482710926694329	0.7482710926694329	0.7482710926694329
0.6631319358816277	0.6765333333333333	0.6792828685258964	0.6891977258370183	0.7000335908632852	0.7113879003558718	0.7249809014514896	0.7524204702627939	0.7524204702627939	0.7524204702627939
0.668557336621455	0.6824	0.6855435401252135	0.6951989892608971	0.7060799462546188	0.7174377224199289	0.7314744079449962	0.7574919317657907	0.7574919317657907	0.7574919317657907
0.67422934648582	0.6882666666666667	0.6918042117245304	0.7018319646241314	0.7124622102788042	0.7241992882562278	0.7375859434682964	0.7639465191332411	0.7639465191332411	0.7639465191332411
0.6789149198520346	0.6925333333333333	0.6963574274331247	0.706253948199621	0.7171649311387303	0.7288256227758008	0.7417876241405653	0.7676348547717843	0.7676348547717843	0.7676348547717843
0.6853267570900123	0.6992	0.7034718269778031	0.713518635502211	0.7238831037957676	0.7359430604982207	0.7490450725744844	0.7759336099585062	0.7759336099585062	0.7759336099585062
0.688039457459926	0.7021333333333334	0.7066021627774616	0.7169930511686671	0.7272421901242861	0.7391459074733097	0.7517188693659282	0.7791609036422315	0.7791609036422315	0.7791609036422315
0.6942046855733662	0.7082666666666667	0.7122936824132043	0.7220467466835123	0.7316090023513604	0.7434163701067615	0.7563025210084033	0.7823881973259567	0.7823881973259567	0.7823881973259567
0.6986436498150431	0.712	0.7162777461582243	0.7252053063802906	0.7349680886798791	0.7466192170818505	0.7593582887700535	0.785154449054864	0.785154449054864	0.785154449054864
0.7033292231812577	0.7168	0.7208309618668184	0.7289955780164246	0.7386630836412496	0.7501779359430605	0.7631779984721161	0.7897648686030428	0.7897648686030428	0.7897648686030428
0.706288532675709	0.72	0.723961297666477	0.7315224257738471	0.7413503527040645	0.7530249110320285	0.7654698242933538	0.7920700783771323	0.7920700783771323	0.7920700783771323
0.7112207151664611	0.7250666666666666	0.7293682413204325	0.7368919772583702	0.7463889821968425	0.7580071174377224	0.7704354469060352	0.7962194559704933	0.7962194559704933	0.7962194559704933
0.7149198520345252	0.7288	0.7333523050654525	0.7409981048641819	0.7504198857910648	0.7615658362989324	0.7738731856378915	0.7994467496542186	0.7994467496542186	0.7994467496542186
0.7168927250308261	0.7306666666666667	0.7353443369379624	0.7432090966519267	0.7527712462210279	0.7640569395017793	0.7761650114591291	0.8003688335638544	0.8003688335638544	0.8003688335638544
0.7215782983970407	0.7352	0.7396129766647694	0.7469993682880607	0.7568021498152503	0.7676156583629893	0.7796027501909855	0.8035961272475796	0.8035961272475796	0.8035961272475796
0.7242909987669544	0.7376	0.7416050085372795	0.7492103600758054	0.7591535102452133	0.7697508896797153	0.7815126050420168	0.8054402950668511	0.8054402950668511	0.8054402950668511
0.7262638717632552	0.7397333333333334	0.7435970404097895	0.7514213518635502	0.7615048706751764	0.7722419928825622	0.7834224598930482	0.8068234209313048	0.8068234209313048	0.8068234209313048
0.730209617755857	0.7432	0.7472965281730222	0.7548957675300063	0.7651998656365468	0.7754448398576512	0.7868601986249045	0.8095896726602121	0.8095896726602121	0.8095896726602121
0.7321824907521578	0.7450666666666667	0.7492885600455321	0.7567909033480733	0.7668794088008062	0.7768683274021352	0.787624140565317	0.81005071461503	0.81005071461503	0.81005071461503
0.7358816276202219	0.7488	0.7529880478087649	0.7608970309538851	0.7705744037621767	0.7804270462633452	0.7910618792971734	0.8132780082987552	0.8132780082987552	0.8132780082987552
0.7393341553637485	0.7525333333333334	0.7566875355719977	0.7640555906506633	0.7739334900906953	0.7832740213523132	0.7937356760886173	0.8155832180728446	0.8155832180728446	0.8155832180728446
0.7403205918618989	0.7536	0.757256687535572	0.7643714466203412	0.7742693987235472	0.7832740213523132	0.7937356760886173	0.8155832180728446	0.8155832180728446	0.8155832180728446
0.7425400739827374	0.7557333333333334	0.7595332953898691	0.7665824384080859	0.7766207591535103	0.7850533807829182	0.7956455309396486	0.8174273858921162	0.8174273858921162	0.8174273858921162
0.7450061652281135	0.7584	0.7620944792259533	0.7694251421351863	0.779643936849177	0.7879003558718861	0.7979373567608862	0.8201936376210235	0.8201936376210235	0.8201936376210235
0.749691738594328	0.7629333333333334	0.7669322709163346	0.7735312697409981	0.7840107490762512	0.7921708185053381	0.8017570664629489	0.8243430152143845	0.8243430152143845	0.8243430152143845
0.7528976572133169	0.7661333333333333	0.7703471826977804	0.7766898294377764	0.7870339267719181	0.7946619217081851	0.8044308632543926	0.8271092669432918	0.8271092669432918	0.8271092669432918
0.7568434032059186	0.7696	0.773762094479226	0.7801642451042324	0.7907289217332886	0.798220640569395	0.8074866310160428	0.8298755186721992	0.8298755186721992	0.8298755186721992
0.7605425400739827	0.7733333333333333	0.7774615822424588	0.7839545167403664	0.7947598253275109	0.801779359430605	0.8105423987776929	0.8331028123559244	0.8331028123559244	0.8331028123559244
0.7632552404438965	0.776	0.7803073420603301	0.7871130764371447	0.7977830030231777	0.804982206405694	0.8128342245989305	0.8354080221300139	0.8354080221300139	0.8354080221300139
0.7659679408138101	0.7784	0.7820147979510529	0.7886923562855338	0.7994625461874371	0.8067615658362989	0.8143621084797555	0.8372521899492854	0.8372521899492854	0.8372521899492854
0.7696670776818743	0.7824	0.7859988616960728	0.7927984838913456	0.8034934497816594	0.8103202846975089	0.8181818181818182	0.8395573997233748	0.8395573997233748	0.8395573997233748
0.7716399506781751	0.7845333333333333	0.7879908935685828	0.7946936197094125	0.8055089015787705	0.8120996441281139	0.8197097020626433	0.8414015675426464	0.8414015675426464	0.8414015675426464
0.7738594327990136	0.7864	0.7896983494593056	0.7965887555274794	0.8075243533758818	0.8142348754448399	0.8216195569136746	0.8437067773167358	0.8437067773167358	0.8437067773167358
0.7775585696670777	0.7898666666666667	0.7928286852589641	0.7994314592545799	0.8102116224386967	0.8170818505338078	0.8242933537051184	0.8460119870908253	0.8460119870908253	0.8460119870908253
0.7810110974106041	0.7930666666666667	0.7962435970404098	0.802905874921036	0.8135707087672153	0.8206405693950178	0.8269671504965622	0.8483171968649147	0.8483171968649147	0.8483171968649147
0.7842170160295932	0.7954666666666667	0.7985202048947069	0.8048010107391029	0.8152502519314746	0.8224199288256228	0.8288770053475936	0.8497003227293684	0.8497003227293684	0.8497003227293684
0.787422934648582	0.7986666666666666	0.8016505406943654	0.8073278584965256	0.8179375209942895	0.8245551601423488	0.8304048892284186	0.851083448593822	0.851083448593822	0.851083448593822
0.789889025893958	0.8008	0.8039271485486625	0.8098547062539482	0.8206247900571044	0.8274021352313167	0.8326967150496563	0.8533886583679114	0.8533886583679114	0.8533886583679114
0.7933415536374846	0.804	0.807057484348321	0.8130132659507264	0.8239838763856231	0.8302491103202847	0.8353705118411001	0.8556938681420009	0.8556938681420009	0.8556938681420009
0.7975339087546239	0.808	0.811041548093341	0.8168035375868604	0.8280147799798455	0.8345195729537367	0.8399541634835752	0.859843245735362	0.859843245735362	0.859843245735362
0.7985203452527744	0.8090666666666667	0.8121798520204895	0.8180669614655717	0.8293584145112529	0.8355871886120997	0.8407181054239877	0.859843245735362	0.859843245735362	0.859843245735362
0.8002466091245376	0.8106666666666666	0.8136027319294251	0.8196462413139608	0.8310379576755123	0.8373665480427046	0.8426279602750191	0.8616874135546335	0.8616874135546335	0.8616874135546335
0.802466091245376	0.8128	0.8158793397837223	0.8218572331017057	0.8333893181054753	0.8398576512455516	0.8449197860962567	0.8626094974642693	0.8626094974642693	0.8626094974642693
0.8036991368680642	0.8141333333333334	0.8173022196926579	0.8234365129500948	0.8350688612697347	0.8416370106761566	0.846829640947288	0.863992623328723	0.863992623328723	0.863992623328723
0.8056720098643649	0.816	0.8190096755833808	0.8243840808591283	0.8357406785354383	0.8423487544483986	0.8475935828877005	0.8649147072383587	0.8649147072383587	0.8649147072383587
0.8088779284833539	0.8189333333333333	0.8221400113830393	0.8262792166771952	0.8377561303325496	0.8441281138790035	0.8483575248281131	0.8658367911479945	0.8658367911479945	0.8658367911479945
0.8108508014796547	0.8208	0.8235628912919749	0.8278584965255843	0.839099764863957	0.8451957295373665	0.8491214667685256	0.8662978331028124	0.8662978331028124	0.8662978331028124
0.812577065351418	0.8221333333333334	0.8247011952191236	0.8291219204042957	0.8404433993953645	0.8466192170818505	0.8502673796791443	0.8672199170124482	0.8672199170124482	0.8672199170124482
0.815043156596794	0.8245333333333333	0.8269778030734206	0.8313329121920404	0.8427947598253275	0.8487544483985765	0.852559205500382	0.8699861687413555	0.8699861687413555	0.8699861687413555
0.8182490752157829	0.8274666666666667	0.8295389869095048	0.8332280480101074	0.8448102116224387	0.8508896797153025	0.8548510313216195	0.8722913785154449	0.8722913785154449	0.8722913785154449
0.819482120838471	0.8288	0.8309618668184405	0.8344914718888187	0.8461538461538461	0.8519572953736655	0.8559969442322384	0.8732134624250807	0.8732134624250807	0.8732134624250807
0.8209617755856967	0.8298666666666666	0.8321001707455891	0.83575489576753	0.8471615720524017	0.8530249110320285	0.8571428571428571	0.8732134624250807	0.8732134624250807	0.8732134624250807
0.8221948212083847	0.8306666666666667	0.8329538986909505	0.8367024636765635	0.8481692979509573	0.8540925266903915	0.8582887700534759	0.8745965882895343	0.8745965882895343	0.8745965882895343
0.8256473489519113	0.8336	0.8355150825270348	0.8395451674036639	0.8511924756466241	0.8569395017793594	0.8609625668449198	0.8773628400184417	0.8773628400184417	0.8773628400184417
0.8281134401972873	0.8357333333333333	0.8375071143995447	0.841124447252053	0.8528720188108835	0.8587188612099644	0.8624904507257448	0.8787459658828953	0.8787459658828953	0.8787459658828953
0.8313193588162762	0.8386666666666667	0.840352874217416	0.8442830069488313	0.856231105139402	0.8619217081850534	0.865546218487395	0.8815122176118027	0.8815122176118027	0.8815122176118027
0.8327990135635018	0.8397333333333333	0.8414911781445646	0.8455464308275427	0.8575747396708095	0.8629893238434164	0.8663101604278075	0.8819732595666205	0.8819732595666205	0.8819732595666205
0.835265104808878	0.8424	0.8437677859988617	0.8477574226152874	0.8599261001007726	0.8651245551601423	0.868601986249045	0.88427846934071	0.88427846934071	0.88427846934071
0.836498150431566	0.8434666666666667	0.8449060899260102	0.8490208464939988	0.86126973463218	0.8665480427046264	0.8697478991596639	0.8856615952051636	0.8856615952051636	0.8856615952051636
0.8377311960542541	0.8445333333333334	0.8460443938531588	0.8496525584333544	0.8619415518978838	0.8672597864768683	0.8701298701298701	0.8856615952051636	0.8856615952051636	0.8856615952051636
0.8392108508014796	0.8456	0.8468981217985202	0.8506001263423879	0.8629492777964394	0.8683274021352313	0.8712757830404889	0.8870447210696173	0.8870447210696173	0.8870447210696173
0.8416769420468557	0.8477333333333333	0.8491747296528173	0.8528111181301327	0.8653006382264025	0.8704626334519573	0.8724216959511077	0.8875057630244352	0.8875057630244352	0.8875057630244352
0.8436498150431566	0.8498666666666667	0.8514513375071144	0.8547062539481997	0.8666442727578099	0.8718861209964412	0.8735676088617265	0.8879668049792531	0.8879668049792531	0.8879668049792531
0.8456226880394575	0.8517333333333333	0.8531587933978372	0.8562855337965888	0.8683238159220692	0.8736654804270463	0.8754774637127578	0.8898109727985246	0.8898109727985246	0.8898109727985246
0.8471023427866831	0.8533333333333334	0.85486624928856	0.8581806696146557	0.8700033590863285	0.8754448398576512	0.8770053475935828	0.8911940986629784	0.8911940986629784	0.8911940986629784
0.8488286066584464	0.8549333333333333	0.8562891291974958	0.8597599494630449	0.8713469936177359	0.8768683274021353	0.878533231474408	0.8921161825726142	0.8921161825726142	0.8921161825726142
0.8505548705302096	0.8562666666666666	0.8577120091064314	0.861339229311434	0.8726906281491434	0.8779359430604983	0.8796791443850267	0.8934993084370678	0.8934993084370678	0.8934993084370678
0.8530209617755857	0.8589333333333333	0.8602731929425157	0.8641819330385344	0.8753778972119584	0.8804270462633452	0.8823529411764706	0.8953434762563394	0.8953434762563394	0.8953434762563394
0.854747225647349	0.8608	0.8619806488332384	0.8657612128869235	0.8770574403762177	0.8822064056939501	0.8842627960275019	0.896726602120793	0.896726602120793	0.896726602120793
0.8564734895191122	0.8621333333333333	0.8634035287421742	0.8670246367656349	0.8784010749076251	0.8829181494661922	0.8846447669977082	0.8971876440756109	0.8971876440756109	0.8971876440756109
0.8577065351418003	0.8632	0.8645418326693227	0.8682880606443462	0.8797447094390326	0.8843416370106761	0.8861726508785333	0.8981097279852467	0.8981097279852467	0.8981097279852467
0.860419235511714	0.8656	0.867103016505407	0.8704990524320909	0.8820960698689956	0.8857651245551601	0.8877005347593583	0.8994928538497003	0.8994928538497003	0.8994928538497003
0.8628853267570901	0.8677333333333334	0.8693796243597041	0.8730259001895135	0.8844474302989587	0.8875444839857651	0.8892284186401833	0.900875979714154	0.900875979714154	0.900875979714154
0.8653514180024661	0.8704	0.8719408081957882	0.8752368919772584	0.8864628820960698	0.8896797153024911	0.891520244461421	0.9027201475334256	0.9027201475334256	0.9027201475334256
0.866091245376079	0.8712	0.8725099601593626	0.875868603916614	0.8871346993617736	0.890391459074733	0.8922841864018335	0.9036422314430613	0.9036422314430613	0.9036422314430613
0.8688039457459926	0.8738666666666667	0.8747865680136596	0.8783954516740367	0.8898219684245885	0.8932384341637011	0.8953399541634836	0.9068695251267865	0.9068695251267865	0.9068695251267865
0.8700369913686806	0.8752	0.8762094479225954	0.8796588755527479	0.891165602955996	0.8939501779359431	0.8961038961038961	0.9077916090364223	0.9077916090364223	0.9077916090364223
0.8720098643649815	0.8773333333333333	0.8784860557768924	0.8821857233101705	0.8931810547531072	0.896085409252669	0.8983957219251337	0.909174734900876	0.909174734900876	0.909174734900876
0.8739827373612824	0.8794666666666666	0.8807626636311895	0.8847125710675932	0.8951965065502183	0.8975088967971531	0.8999236058059588	0.9100968188105117	0.9100968188105117	0.9100968188105117
0.8744759556103576	0.8797333333333334	0.8810472396129767	0.885028427037271	0.8955324151830703	0.897864768683274	0.900305576776165	0.9105578607653296	0.9105578607653296	0.9105578607653296
0.8757090012330456	0.8808	0.8821855435401252	0.8862918509159823	0.8968760497144777	0.899288256227758	0.9018334606569901	0.9114799446749654	0.9114799446749654	0.9114799446749654
0.8776818742293465	0.8826666666666667	0.8841775754126352	0.8885028427037271	0.8988915015115888	0.900355871886121	0.9029793735676088	0.9124020285846012	0.9124020285846012	0.9124020285846012
0.878668310727497	0.8837333333333334	0.8853158793397837	0.8897662665824384	0.9002351360429963	0.901423487544484	0.9041252864782277	0.9137851544490548	0.9137851544490548	0.9137851544490548
0.8801479654747225	0.8853333333333333	0.8870233352305066	0.8916614024005054	0.9019146792072557	0.9028469750889679	0.9052711993888465	0.9151682803135085	0.9151682803135085	0.9151682803135085
0.881134401972873	0.8864	0.8881616391576551	0.8926089703095389	0.9029224051058112	0.90355871886121	0.9056531703590527	0.9151682803135085	0.9151682803135085	0.9151682803135085
0.8828606658446363	0.888	0.889869095048378	0.8945041061276058	0.9049378569029224	0.9053380782918149	0.9071810542398777	0.9165514061779622	0.9165514061779622	0.9165514061779622
0.8840937114673243	0.8893333333333333	0.8912919749573136	0.8960833859759949	0.9066174000671817	0.9071174377224199	0.9087089381207029	0.9174734900875979	0.9174734900875979	0.9174734900875979
0.8853267570900123	0.8904	0.8924302788844621	0.8970309538850284	0.9072892173328855	0.907829181494662	0.9094728800611154	0.9179345320424158	0.9179345320424158	0.9179345320424158
0.8870530209617756	0.8917333333333334	0.8935685828116107	0.8979785217940619	0.9082969432314411	0.9085409252669039	0.9102368220015279	0.9188566159520516	0.9188566159520516	0.9188566159520516
0.888039457459926	0.8928	0.8947068867387592	0.8992419456727733	0.9096405777628485	0.9099644128113878	0.9113827349121467	0.9197786998616874	0.9197786998616874	0.9197786998616874
0.8895191122071516	0.8944	0.896414342629482	0.9011370814908402	0.910984212294256	0.9113879003558719	0.9129106187929718	0.921161825726141	0.921161825726141	0.921161825726141
0.8914919852034525	0.8962666666666667	0.898406374501992	0.903348073278585	0.9129996640913671	0.9135231316725979	0.9152024446142093	0.9234670355002306	0.9234670355002306	0.9234670355002306
0.8927250308261405	0.8976	0.8995446784291405	0.9042956411876184	0.9140073899899227	0.9145907473309609	0.9163483575248281	0.9248501613646842	0.9248501613646842	0.9248501613646842
0.8942046855733662	0.8989333333333334	0.9009675583380763	0.9058749210360075	0.915686933154182	0.9163701067615658	0.9182582123758595	0.9271553711387737	0.9271553711387737	0.9271553711387737
0.8959309494451295	0.9008	0.9029595902105862	0.9077700568540745	0.9177023849512932	0.9185053380782918	0.9201680672268907	0.9289995389580452	0.9289995389580452	0.9289995389580452
0.8971639950678175	0.9013333333333333	0.9035287421741605	0.9084017687934302	0.918374202216997	0.9188612099644128	0.920550038197097	0.9294605809128631	0.9294605809128631	0.9294605809128631
0.8979038224414303	0.9018666666666667	0.9040978941377348	0.9090334807327859	0.9190460194827007	0.9195729537366548	0.9213139801375095	0.9294605809128631	0.9294605809128631	0.9294605809128631
0.899383477188656	0.9029333333333334	0.9052361980648833	0.9102969046114971	0.9200537453812563	0.9206405693950178	0.9216959511077158	0.929921622867681	0.929921622867681	0.929921622867681
0.900616522811344	0.904	0.9063745019920318	0.9115603284902085	0.9210614712798119	0.9217081850533808	0.9224598930481284	0.9308437067773168	0.9308437067773168	0.9308437067773168
0.9023427866831073	0.9050666666666667	0.9075128059191804	0.9125078963992419	0.9220691971783674	0.9227758007117438	0.9236058059587471	0.9317657906869525	0.9317657906869525	0.9317657906869525
0.9045622688039457	0.9072	0.9097894137734776	0.9150347441566645	0.9247564662411824	0.9252669039145908	0.9255156608097784	0.9336099585062241	0.9336099585062241	0.9336099585062241
0.9055487053020962	0.908	0.910643141718839	0.915982312065698	0.9254282835068861	0.9259786476868327	0.9258976317799847	0.934071000461042	0.934071000461042	0.934071000461042
0.9067817509247842	0.9093333333333333	0.9120660216277746	0.9175615919140871	0.9267719180382936	0.9274021352313168	0.9274255156608098	0.9359151682803135	0.9359151682803135	0.9359151682803135
0.9090012330456226	0.9114666666666666	0.9140580535002846	0.9191408717624763	0.928115552569701	0.9281138790035587	0.9281894576012223	0.9363762102351314	0.9363762102351314	0.9363762102351314
0.910727496917386	0.9133333333333333	0.9160500853727945	0.9207201516108654	0.9291232784682566	0.9291814946619217	0.9293353705118411	0.9372982941447672	0.9372982941447672	0.9372982941447672
0.911960542540074	0.9144	0.9166192373363689	0.9213518635502211	0.9297950957339604	0.9298932384341637	0.9300993124522536	0.9377593360995851	0.9377593360995851	0.9377593360995851
0.9122071516646116	0.9144	0.9166192373363689	0.9213518635502211	0.9297950957339604	0.9298932384341637	0.9300993124522536	0.9377593360995851	0.9377593360995851	0.9377593360995851
0.9139334155363749	0.9162666666666667	0.9186112692088788	0.9235628553379659	0.9321464561639234	0.9323843416370107	0.9323911382734912	0.9400645458736745	0.9400645458736745	0.9400645458736745
0.9141800246609124	0.9165333333333333	0.9188958451906659	0.9238787113076438	0.9324823647967753	0.9327402135231316	0.9327731092436975	0.9405255878284924	0.9405255878284924	0.9405255878284924
0.9151664611590629	0.9176	0.9200341491178144	0.925142135186355	0.9338259993281828	0.9338078291814946	0.9339190221543163	0.9405255878284924	0.9405255878284924	0.9405255878284924
0.9159062885326757	0.9184	0.9206033010813888	0.9257738471257106	0.9344978165938864	0.9345195729537367	0.9346829640947288	0.9414476717381282	0.9414476717381282	0.9414476717381282
0.9171393341553638	0.9194666666666667	0.9217416050085373	0.9267214150347441	0.9351696338595902	0.9352313167259787	0.935064935064935	0.941908713692946	0.941908713692946	0.941908713692946
0.918865598027127	0.9208	0.9228799089356858	0.9276689829437776	0.9361773597581458	0.9362989323843416	0.9362108479755539	0.9423697556477639	0.9423697556477639	0.9423697556477639
0.9191122071516646	0.9210666666666667	0.9231644849174729	0.9279848389134555	0.9365132683909977	0.9366548042704627	0.9365928189457601	0.9428307976025818	0.9428307976025818	0.9428307976025818
0.9196054254007399	0.9216	0.9237336368810473	0.9286165508528111	0.9368491770238495	0.9370106761565836	0.9365928189457601	0.9428307976025818	0.9428307976025818	0.9428307976025818
0.9213316892725031	0.9234666666666667	0.9257256687535572	0.930511686670878	0.9385287201881088	0.9384341637010676	0.9377387318563789	0.9432918395573997	0.9432918395573997	0.9432918395573997
0.9218249075215783	0.924	0.9262948207171314	0.9308275426405559	0.9388646288209607	0.9387900355871887	0.9381207028265852	0.9437528815122176	0.9437528815122176	0.9437528815122176
0.9235511713933415	0.9256	0.9280022766078543	0.932406822488945	0.94054417198522	0.9405693950177936	0.9400305576776165	0.9451360073766712	0.9451360073766712	0.9451360073766712
0.924537607891492	0.9264	0.9288560045532157	0.9333543903979785	0.9412159892509238	0.9409252669039145	0.9404125286478228	0.9455970493314891	0.9455970493314891	0.9455970493314891
0.9262638717632552	0.928	0.9305634604439386	0.934301958307012	0.9422237151494793	0.9419928825622775	0.9415584415584416	0.946058091286307	0.946058091286307	0.946058091286307
0.9272503082614056	0.9288	0.9314171883893	0.9349336702463676	0.9428955324151831	0.9427046263345196	0.9423223834988541	0.9469801751959428	0.9469801751959428	0.9469801751959428
0.9284833538840938	0.9301333333333334	0.9328400682982356	0.9358812381554011	0.9432314410480349	0.9430604982206405	0.9427043544690603	0.9469801751959428	0.9469801751959428	0.9469801751959428
0.930209617755857	0.932	0.9345475241889585	0.9371446620341124	0.9445750755794424	0.9444839857651246	0.9442322383498855	0.9479022591055786	0.9479022591055786	0.9479022591055786
0.9309494451294698	0.9328	0.9354012521343199	0.9377763739734681	0.9449109842122942	0.9448398576512456	0.9446142093200917	0.9483633010603965	0.9483633010603965	0.9483633010603965
0.9324290998766954	0.9338666666666666	0.9365395560614684	0.9390397978521794	0.9462546187437018	0.9462633451957295	0.9461420932009167	0.950207468879668	0.950207468879668	0.950207468879668
0.9326757090012331	0.9341333333333334	0.9368241320432555	0.9393556538218573	0.9465905273765536	0.9466192170818505	0.946524064171123	0.9506685108344859	0.9506685108344859	0.9506685108344859
0.9334155363748459	0.9349333333333333	0.9371087080250426	0.939671509791535	0.9469264360094054	0.9469750889679716	0.946524064171123	0.9506685108344859	0.9506685108344859	0.9506685108344859
0.9344019728729963	0.936	0.9382470119521913	0.9409349336702464	0.947934161907961	0.9476868327402135	0.9472880061115355	0.9515905947441217	0.9515905947441217	0.9515905947441217
0.9353884093711468	0.9365333333333333	0.9385315879339784	0.9412507896399241	0.947934161907961	0.9476868327402135	0.9472880061115355	0.9515905947441217	0.9515905947441217	0.9515905947441217
0.9363748458692972	0.9376	0.9396698918611269	0.9425142135186355	0.9489418878065167	0.9487544483985765	0.948051948051948	0.9520516366989396	0.9520516366989396	0.9520516366989396
0.9376078914919852	0.9386666666666666	0.9408081957882755	0.943461781427669	0.9499496137050722	0.9498220640569395	0.9491978609625669	0.9525126786537574	0.9525126786537574	0.9525126786537574
0.9378545006165228	0.9389333333333333	0.9410927717700626	0.9437776373973468	0.9502855223379241	0.9501779359430605	0.9495798319327731	0.9525126786537574	0.9525126786537574	0.9525126786537574
0.9381011097410604	0.9392	0.9413773477518498	0.9437776373973468	0.9502855223379241	0.9501779359430605	0.9495798319327731	0.9525126786537574	0.9525126786537574	0.9525126786537574
0.938347718865598	0.9394666666666667	0.9416619237336369	0.9440934933670246	0.9506214309707759	0.9505338078291815	0.9499618029029794	0.9529737206085753	0.9529737206085753	0.9529737206085753
0.9390875462392109	0.9402666666666667	0.9425156516789983	0.9450410612760581	0.9516291568693316	0.9516014234875445	0.9511077158135982	0.9543568464730291	0.9543568464730291	0.9543568464730291
0.9405672009864365	0.9416	0.943938531587934	0.9466203411244473	0.9533087000335909	0.9533807829181494	0.9526355996944232	0.9552789303826649	0.9552789303826649	0.9552789303826649
0.9408138101109741	0.9418666666666666	0.9442231075697212	0.9469361970941251	0.9536446086664427	0.9537366548042705	0.9530175706646294	0.9552789303826649	0.9552789303826649	0.9552789303826649
0.9413070283600493	0.9424	0.9447922595332954	0.9475679090334808	0.9539805172992946	0.9540925266903915	0.9533995416348358	0.9557399723374828	0.9557399723374828	0.9557399723374828
0.9418002466091245	0.9429333333333333	0.9453614114968697	0.9481996209728364	0.9546523345649983	0.9548042704626335	0.9541634835752483	0.9557399723374828	0.9557399723374828	0.9557399723374828
0.9420468557336621	0.9432	0.9456459874786568	0.9481996209728364	0.9546523345649983	0.9548042704626335	0.9541634835752483	0.9557399723374828	0.9557399723374828	0.9557399723374828
0.9425400739827373	0.9437333333333333	0.9462151394422311	0.9485154769425143	0.9546523345649983	0.9548042704626335	0.9541634835752483	0.9557399723374828	0.9557399723374828	0.9557399723374828
0.9430332922318125	0.944	0.9464997154240182	0.948831332912192	0.9549882431978501	0.9551601423487545	0.9545454545454546	0.9562010142923006	0.9562010142923006	0.9562010142923006
0.9442663378545006	0.9450666666666667	0.9473534433693797	0.9497789008212255	0.9559959690964058	0.9562277580071175	0.9556913674560733	0.9575841401567543	0.9575841401567543	0.9575841401567543
0.9447595561035759	0.9456	0.9479225953329539	0.9504106127605811	0.9563318777292577	0.9565836298932384	0.9560733384262796	0.9580451821115722	0.9580451821115722	0.9580451821115722
0.9464858199753391	0.9474666666666667	0.9499146272054638	0.9516740366392925	0.9573396036278132	0.9576512455516014	0.9572192513368984	0.958967266021208	0.958967266021208	0.958967266021208
0.9464858199753391	0.9474666666666667	0.9499146272054638	0.9516740366392925	0.9573396036278132	0.9576512455516014	0.9572192513368984	0.958967266021208	0.958967266021208	0.958967266021208
0.9472256473489519	0.9482666666666667	0.9507683551508253	0.952621604548326	0.9583473295263688	0.9587188612099644	0.957983193277311	0.9598893499308437	0.9598893499308437	0.9598893499308437
0.9482120838471023	0.9493333333333334	0.9519066590779738	0.9532533164876816	0.9590191467920726	0.9594306049822064	0.9583651642475172	0.9603503918856616	0.9603503918856616	0.9603503918856616
0.9487053020961775	0.9496	0.952191235059761	0.9535691724573594	0.9593550554249244	0.9597864768683274	0.9587471352177235	0.9608114338404795	0.9608114338404795	0.9608114338404795
0.9499383477188656	0.9504	0.9530449630051223	0.9542008843967151	0.9600268726906281	0.9604982206405694	0.959511077158136	0.9617335177501153	0.9617335177501153	0.9617335177501153
0.9499383477188656	0.9504	0.9530449630051223	0.9542008843967151	0.9600268726906281	0.9604982206405694	0.959511077158136	0.9617335177501153	0.9617335177501153	0.9617335177501153
0.9506781750924784	0.9512	0.9538986909504837	0.9551484523057486	0.9606986899563319	0.9612099644128114	0.9598930481283422	0.9617335177501153	0.9617335177501153	0.9617335177501153
0.9514180024660912	0.9517333333333333	0.9544678429140581	0.9557801642451043	0.9613705072220357	0.9615658362989323	0.9602750190985485	0.9621945597049332	0.9621945597049332	0.9621945597049332
0.9521578298397041	0.9525333333333333	0.9547524188958452	0.956096020214782	0.9617064158548875	0.9619217081850534	0.9606569900687548	0.9626556016597511	0.9626556016597511	0.9626556016597511
0.9526510480887793	0.9530666666666666	0.9553215708594195	0.9567277321541378	0.9623782331205912	0.9626334519572953	0.9614209320091673	0.9635776855693868	0.9635776855693868	0.9635776855693868
0.9531442663378545	0.9536	0.9558907228229937	0.9573594440934934	0.9630500503862949	0.9633451957295374	0.9621848739495799	0.9640387275242047	0.9640387275242047	0.9640387275242047
0.9543773119605425	0.9546666666666667	0.9567444507683551	0.957991156032849	0.9633859590191468	0.9637010676156583	0.9621848739495799	0.9640387275242047	0.9640387275242047	0.9640387275242047
0.9548705302096178	0.9552	0.9573136027319294	0.9586228679722046	0.9633859590191468	0.9637010676156583	0.9621848739495799	0.9640387275242047	0.9640387275242047	0.9640387275242047
0.9551171393341553	0.9554666666666667	0.9575981787137166	0.9589387239418825	0.9637218676519986	0.9640569395017794	0.9625668449197861	0.9640387275242047	0.9640387275242047	0.9640387275242047
0.9556103575832305	0.956	0.9581673306772909	0.9595704358812381	0.9643936849177024	0.9647686832740213	0.9633307868601986	0.9644997694790226	0.9644997694790226	0.9644997694790226
0.9568434032059187	0.9568	0.9590210586226523	0.9605180037902716	0.9650655021834061	0.9654804270462634	0.9640947288006112	0.9654218533886584	0.9654218533886584	0.9654218533886584
0.9583230579531443	0.9581333333333333	0.9604439385315879	0.9620972836386608	0.9660732280819617	0.9661921708185054	0.9648586707410237	0.9663439372982942	0.9663439372982942	0.9663439372982942
0.9593094944512947	0.9592	0.9612976664769494	0.9627289955780164	0.9667450453476655	0.9669039145907473	0.9656226126814362	0.966804979253112	0.966804979253112	0.966804979253112
0.9600493218249075	0.96	0.9621513944223108	0.9636765634870499	0.9670809539805173	0.9672597864768683	0.9660045836516424	0.9672660212079299	0.9672660212079299	0.9672660212079299
0.9602959309494451	0.9602666666666667	0.9624359704040979	0.9639924194567278	0.9674168626133691	0.9676156583629894	0.9663865546218487	0.9672660212079299	0.9672660212079299	0.9672660212079299
0.961035758323058	0.9610666666666666	0.9632896983494593	0.9646241313960834	0.9680886798790729	0.9683274021352313	0.9671504965622613	0.9677270631627478	0.9677270631627478	0.9677270631627478
0.962268803945746	0.9624	0.964712578258395	0.9662034112444725	0.9697682230433322	0.9701067615658363	0.9690603514132926	0.9695712309820194	0.9695712309820194	0.9695712309820194
0.9632552404438964	0.9634666666666667	0.9658508821855435	0.9674668351231839	0.9711118575747397	0.9715302491103203	0.9705882352941176	0.970954356846473	0.970954356846473	0.970954356846473
0.9649815043156597	0.9653333333333334	0.9678429140580534	0.9693619709412508	0.972791400738999	0.9733096085409253	0.972498090145149	0.9732595666205625	0.9732595666205625	0.9732595666205625
0.9659679408138101	0.9664	0.9689812179852021	0.9706253948199621	0.9741350352704065	0.9740213523131672	0.9732620320855615	0.9741816505301982	0.9741816505301982	0.9741816505301982
0.9672009864364981	0.9677333333333333	0.9701195219123506	0.9712571067593178	0.9748068525361102	0.9747330960854093	0.974025974025974	0.975103734439834	0.975103734439834	0.975103734439834
0.9676942046855733	0.9677333333333333	0.9701195219123506	0.9712571067593178	0.9748068525361102	0.9747330960854093	0.974025974025974	0.975103734439834	0.975103734439834	0.975103734439834
0.9676942046855733	0.9677333333333333	0.9701195219123506	0.9712571067593178	0.9748068525361102	0.9747330960854093	0.974025974025974	0.975103734439834	0.975103734439834	0.975103734439834
0.967940813810111	0.968	0.9704040978941377	0.9715729627289956	0.975142761168962	0.9750889679715302	0.9744079449961803	0.9755647763946519	0.9755647763946519	0.9755647763946519
0.967940813810111	0.968	0.9704040978941377	0.9715729627289956	0.975142761168962	0.9750889679715302	0.9744079449961803	0.9755647763946519	0.9755647763946519	0.9755647763946519
0.9686806411837238	0.9685333333333334	0.970973249857712	0.9718888186986734	0.9754786698018139	0.9754448398576513	0.9747899159663865	0.9760258183494698	0.9760258183494698	0.9760258183494698
0.9699136868064119	0.9698666666666667	0.9718269778030734	0.9728363866077069	0.9761504870675176	0.9761565836298932	0.975553857906799	0.9760258183494698	0.9760258183494698	0.9760258183494698
0.9701602959309494	0.9701333333333333	0.9721115537848606	0.9731522425773848	0.9764863957003695	0.9765124555160143	0.9759358288770054	0.9764868603042877	0.9764868603042877	0.9764868603042877
0.9701602959309494	0.9701333333333333	0.9721115537848606	0.9731522425773848	0.9764863957003695	0.9765124555160143	0.9759358288770054	0.9764868603042877	0.9764868603042877	0.9764868603042877
0.9733662145499383	0.9736	0.9755264655663062	0.9766266582438408	0.98018139066174	0.9804270462633452	0.9801375095492743	0.9810972798524665	0.9810972798524665	0.9810972798524665
0.9738594327990135	0.9741333333333333	0.9760956175298805	0.9772583701831965	0.9808532079274437	0.9811387900355872	0.9809014514896868	0.9815583218072844	0.9815583218072844	0.9815583218072844
0.974845869297164	0.9752	0.977233921457029	0.9778900821225521	0.9815250251931474	0.9818505338078292	0.9812834224598931	0.9820193637621023	0.9820193637621023	0.9820193637621023
0.9753390875462392	0.9754666666666667	0.9775184974388161	0.97820593809223	0.9818609338259994	0.9822064056939501	0.9816653934300993	0.9824804057169202	0.9824804057169202	0.9824804057169202
0.976078914919852	0.9762666666666666	0.9783722253841776	0.9791535060012634	0.982868659724555	0.9832740213523131	0.9824293353705118	0.983402489626556	0.983402489626556	0.983402489626556
0.9770653514180024	0.9773333333333334	0.979225953329539	0.9801010739102969	0.9835404769902586	0.9839857651245552	0.9831932773109243	0.9843245735361917	0.9843245735361917	0.9843245735361917
0.9775585696670777	0.9778666666666667	0.9797951052931133	0.9804169298799748	0.9838763856231105	0.9843416370106761	0.9835752482811306	0.9847856154910097	0.9847856154910097	0.9847856154910097
0.9785450061652281	0.9789333333333333	0.9809334092202618	0.9813644977890082	0.9848841115216661	0.9854092526690391	0.9843391902215431	0.9847856154910097	0.9847856154910097	0.9847856154910097
0.9795314426633785	0.98	0.9820717131474104	0.9826279216677195	0.9858918374202217	0.9864768683274021	0.985485103132162	0.9861687413554634	0.9861687413554634	0.9861687413554634
0.9797780517879161	0.9802666666666666	0.9823562891291975	0.9826279216677195	0.9858918374202217	0.9864768683274021	0.985485103132162	0.9861687413554634	0.9861687413554634	0.9861687413554634
0.9810110974106042	0.9816	0.9832100170745589	0.983575489576753	0.9868995633187773	0.9875444839857651	0.9866310160427807	0.9875518672199171	0.9875518672199171	0.9875518672199171
0.9815043156596794	0.9818666666666667	0.983494593056346	0.9838913455464309	0.9872354719516292	0.9879003558718861	0.987012987012987	0.9880129091747349	0.9880129091747349	0.9880129091747349
0.9822441430332922	0.9826666666666667	0.9843483210017074	0.9848389134554643	0.9882431978501848	0.9889679715302491	0.9881588999236058	0.9884739511295528	0.9884739511295528	0.9884739511295528
0.9834771886559802	0.984	0.9857712009106432	0.9864181933038535	0.9899227410144441	0.9907473309608541	0.9900687547746372	0.9907791609036423	0.9907791609036423	0.9907791609036423
0.9839704069050554	0.9845333333333334	0.9863403528742174	0.9870499052432091	0.9905945582801478	0.9914590747330961	0.9908326967150497	0.991701244813278	0.991701244813278	0.991701244813278
0.9842170160295931	0.9848	0.9866249288560045	0.9873657612128869	0.9909304669129997	0.9918149466192171	0.9912146676852559	0.991701244813278	0.991701244813278	0.991701244813278
0.9844636251541307	0.9850666666666666	0.9869095048377917	0.9876816171825648	0.9912663755458515	0.9921708185053381	0.9915966386554622	0.991701244813278	0.991701244813278	0.991701244813278
0.9847102342786683	0.9853333333333333	0.9871940808195788	0.9879974731522426	0.9916022841787034	0.992526690391459	0.9919786096256684	0.991701244813278	0.991701244813278	0.991701244813278
0.9847102342786683	0.9853333333333333	0.9871940808195788	0.9879974731522426	0.9916022841787034	0.992526690391459	0.9919786096256684	0.991701244813278	0.991701244813278	0.991701244813278
0.9856966707768188	0.9864	0.9883323847467274	0.9892608970309539	0.9929459187101108	0.993594306049822	0.9931245225362872	0.9926233287229138	0.9926233287229138	0.9926233287229138
0.9859432799013563	0.9866666666666667	0.9886169607285145	0.9895767530006317	0.9932818273429627	0.9939501779359431	0.9935064935064936	0.9930843706777317	0.9930843706777317	0.9930843706777317
0.9864364981504316	0.9872	0.9891861126920888	0.9902084649399874	0.9939536446086664	0.994661921708185	0.9942704354469061	0.9940064545873675	0.9940064545873675	0.9940064545873675
0.9871763255240444	0.9877333333333334	0.9897552646556631	0.9905243209096652	0.9942895532415184	0.9950177935943061	0.9946524064171123	0.9944674965421854	0.9944674965421854	0.9944674965421854
0.987422934648582	0.988	0.9900398406374502	0.990840176879343	0.9946254618743702	0.995373665480427	0.9950343773873186	0.9949285384970032	0.9949285384970032	0.9949285384970032
0.9876695437731196	0.9882666666666666	0.9903244166192373	0.9911560328490209	0.994961370507222	0.995729537366548	0.9954163483575248	0.9953895804518211	0.9953895804518211	0.9953895804518211
0.9881627620221948	0.9888	0.9906089926010244	0.9914718888186986	0.9952972791400739	0.9960854092526691	0.9957983193277311	0.995850622406639	0.995850622406639	0.995850622406639
0.9884093711467324	0.9890666666666666	0.9908935685828116	0.9917877447883765	0.9952972791400739	0.9960854092526691	0.9957983193277311	0.995850622406639	0.995850622406639	0.995850622406639
0.9889025893958077	0.9893333333333333	0.9908935685828116	0.9917877447883765	0.9952972791400739	0.9960854092526691	0.9957983193277311	0.995850622406639	0.995850622406639	0.995850622406639
0.9891491985203452	0.9896	0.9911781445645987	0.9921036007580544	0.9956331877729258	0.99644128113879	0.9961802902979373	0.9963116643614569	0.9963116643614569	0.9963116643614569
0.9898890258939581	0.9901333333333333	0.9914627205463858	0.9924194567277321	0.9959690964057776	0.996797153024911	0.9965622612681436	0.9967727063162748	0.9967727063162748	0.9967727063162748
0.9898890258939581	0.9901333333333333	0.9914627205463858	0.9924194567277321	0.9959690964057776	0.996797153024911	0.9965622612681436	0.9967727063162748	0.9967727063162748	0.9967727063162748
0.9901356350184957	0.9904	0.9914627205463858	0.9924194567277321	0.9959690964057776	0.996797153024911	0.9965622612681436	0.9967727063162748	0.9967727063162748	0.9967727063162748
0.9901356350184957	0.9904	0.9914627205463858	0.9924194567277321	0.9959690964057776	0.996797153024911	0.9965622612681436	0.9967727063162748	0.9967727063162748	0.9967727063162748
0.9906288532675709	0.9906666666666667	0.9917472965281731	0.99273531269741	0.9959690964057776	0.996797153024911	0.9965622612681436	0.9967727063162748	0.9967727063162748	0.9967727063162748
0.9908754623921086	0.9909333333333333	0.9920318725099602	0.9930511686670878	0.9963050050386295	0.996797153024911	0.9965622612681436	0.9967727063162748	0.9967727063162748	0.9967727063162748
0.9908754623921086	0.9909333333333333	0.9920318725099602	0.9930511686670878	0.9963050050386295	0.996797153024911	0.9965622612681436	0.9967727063162748	0.9967727063162748	0.9967727063162748
0.9911220715166461	0.9909333333333333	0.9920318725099602	0.9930511686670878	0.9963050050386295	0.996797153024911	0.9965622612681436	0.9967727063162748	0.9967727063162748	0.9967727063162748
0.9913686806411838	0.9912	0.9923164484917473	0.9933670246367656	0.9966409136714813	0.9971530249110321	0.9969442322383499	0.9972337482710927	0.9972337482710927	0.9972337482710927
0.9916152897657213	0.9914666666666667	0.9926010244735345	0.9936828806064435	0.9966409136714813	0.9971530249110321	0.9969442322383499	0.9972337482710927	0.9972337482710927	0.9972337482710927
0.9918618988902589	0.9917333333333334	0.9928856004553216	0.9939987365761213	0.9966409136714813	0.9971530249110321	0.9969442322383499	0.9972337482710927	0.9972337482710927	0.9972337482710927
0.9921085080147966	0.992	0.9931701764371087	0.9943145925457991	0.9969768223043333	0.997508896797153	0.9973262032085561	0.9976947902259106	0.9976947902259106	0.9976947902259106
0.9928483353884093	0.9925333333333334	0.9934547524188958	0.994630448515477	0.9969768223043333	0.997508896797153	0.9973262032085561	0.9976947902259106	0.9976947902259106	0.9976947902259106
0.993094944512947	0.9928	0.993739328400683	0.994630448515477	0.9969768223043333	0.997508896797153	0.9973262032085561	0.9976947902259106	0.9976947902259106	0.9976947902259106
0.993094944512947	0.9928	0.993739328400683	0.994630448515477	0.9969768223043333	0.997508896797153	0.9973262032085561	0.9976947902259106	0.9976947902259106	0.9976947902259106
0.993094944512947	0.9928	0.993739328400683	0.994630448515477	0.9969768223043333	0.997508896797153	0.9973262032085561	0.9976947902259106	0.9976947902259106	0.9976947902259106
0.9933415536374846	0.9930666666666667	0.9940239043824701	0.9949463044851548	0.9973127309371851	0.997864768683274	0.9977081741787625	0.9981558321807285	0.9981558321807285	0.9981558321807285
0.9933415536374846	0.9930666666666667	0.9940239043824701	0.9949463044851548	0.9973127309371851	0.997864768683274	0.9977081741787625	0.9981558321807285	0.9981558321807285	0.9981558321807285
0.9933415536374846	0.9930666666666667	0.9940239043824701	0.9949463044851548	0.9973127309371851	0.997864768683274	0.9977081741787625	0.9981558321807285	0.9981558321807285	0.9981558321807285
0.9933415536374846	0.9930666666666667	0.9940239043824701	0.9949463044851548	0.9973127309371851	0.997864768683274	0.9977081741787625	0.9981558321807285	0.9981558321807285	0.9981558321807285
0.9933415536374846	0.9930666666666667	0.9940239043824701	0.9949463044851548	0.9973127309371851	0.997864768683274	0.9977081741787625	0.9981558321807285	0.9981558321807285	0.9981558321807285
0.9933415536374846	0.9930666666666667	0.9940239043824701	0.9949463044851548	0.9973127309371851	0.997864768683274	0.9977081741787625	0.9981558321807285	0.9981558321807285	0.9981558321807285
0.9935881627620222	0.9933333333333333	0.9943084803642572	0.9949463044851548	0.9973127309371851	0.997864768683274	0.9977081741787625	0.9981558321807285	0.9981558321807285	0.9981558321807285
0.9935881627620222	0.9933333333333333	0.9943084803642572	0.9949463044851548	0.9973127309371851	0.997864768683274	0.9977081741787625	0.9981558321807285	0.9981558321807285	0.9981558321807285
0.9935881627620222	0.9933333333333333	0.9943084803642572	0.9949463044851548	0.9973127309371851	0.997864768683274	0.9977081741787625	0.9981558321807285	0.9981558321807285	0.9981558321807285
0.9938347718865598	0.9936	0.9945930563460444	0.9949463044851548	0.9973127309371851	0.997864768683274	0.9977081741787625	0.9981558321807285	0.9981558321807285	0.9981558321807285
0.9938347718865598	0.9936	0.9945930563460444	0.9949463044851548	0.9973127309371851	0.997864768683274	0.9977081741787625	0.9981558321807285	0.9981558321807285	0.9981558321807285
0.9940813810110974	0.9936	0.9945930563460444	0.9949463044851548	0.9973127309371851	0.997864768683274	0.9977081741787625	0.9981558321807285	0.9981558321807285	0.9981558321807285
0.9940813810110974	0.9936	0.9945930563460444	0.9949463044851548	0.9973127309371851	0.997864768683274	0.9977081741787625	0.9981558321807285	0.9981558321807285	0.9981558321807285
0.994327990135635	0.9938666666666667	0.9945930563460444	0.9949463044851548	0.9973127309371851	0.997864768683274	0.9977081741787625	0.9981558321807285	0.9981558321807285	0.9981558321807285
0.994327990135635	0.9938666666666667	0.9945930563460444	0.9949463044851548	0.9973127309371851	0.997864768683274	0.9977081741787625	0.9981558321807285	0.9981558321807285	0.9981558321807285
0.994327990135635	0.9938666666666667	0.9945930563460444	0.9949463044851548	0.9973127309371851	0.997864768683274	0.9977081741787625	0.9981558321807285	0.9981558321807285	0.9981558321807285
0.994327990135635	0.9938666666666667	0.9945930563460444	0.9949463044851548	0.9973127309371851	0.997864768683274	0.9977081741787625	0.9981558321807285	0.9981558321807285	0.9981558321807285
0.9948212083847102	0.9944	0.9951622083096187	0.9955780164245104	0.9973127309371851	0.997864768683274	0.9977081741787625	0.9981558321807285	0.9981558321807285	0.9981558321807285
0.9948212083847102	0.9944	0.9951622083096187	0.9955780164245104	0.9973127309371851	0.997864768683274	0.9977081741787625	0.9981558321807285	0.9981558321807285	0.9981558321807285
0.9950678175092479	0.9946666666666667	0.9954467842914058	0.9958938723941883	0.9973127309371851	0.997864768683274	0.9977081741787625	0.9981558321807285	0.9981558321807285	0.9981558321807285
0.9950678175092479	0.9946666666666667	0.9954467842914058	0.9958938723941883	0.9973127309371851	0.997864768683274	0.9977081741787625	0.9981558321807285	0.9981558321807285	0.9981558321807285
0.9953144266337854	0.9949333333333333	0.9954467842914058	0.9958938723941883	0.9973127309371851	0.997864768683274	0.9977081741787625	0.9981558321807285	0.9981558321807285	0.9981558321807285
0.9958076448828607	0.9954666666666667	0.9960159362549801	0.9965255843335439	0.9976486395700369	0.998220640569395	0.9980901451489687	0.9986168741355463	0.9986168741355463	0.9986168741355463
0.9958076448828607	0.9954666666666667	0.9960159362549801	0.9965255843335439	0.9976486395700369	0.998220640569395	0.9980901451489687	0.9986168741355463	0.9986168741355463	0.9986168741355463
0.9963008631319359	0.996	0.9960159362549801	0.9965255843335439	0.9976486395700369	0.998220640569395	0.9980901451489687	0.9986168741355463	0.9986168741355463	0.9986168741355463
0.9965474722564734	0.9962666666666666	0.9963005122367672	0.9968414403032217	0.9979845482028888	0.998576512455516	0.998472116119175	0.9990779160903642	0.9990779160903642	0.9990779160903642
0.9965474722564734	0.9962666666666666	0.9963005122367672	0.9968414403032217	0.9979845482028888	0.998576512455516	0.998472116119175	0.9990779160903642	0.9990779160903642	0.9990779160903642
0.9965474722564734	0.9962666666666666	0.9963005122367672	0.9968414403032217	0.9979845482028888	0.998576512455516	0.998472116119175	0.9990779160903642	0.9990779160903642	0.9990779160903642
0.9965474722564734	0.9962666666666666	0.9963005122367672	0.9968414403032217	0.9979845482028888	0.998576512455516	0.998472116119175	0.9990779160903642	0.9990779160903642	0.9990779160903642
0.9965474722564734	0.9962666666666666	0.9963005122367672	0.9968414403032217	0.9979845482028888	0.998576512455516	0.998472116119175	0.9990779160903642	0.9990779160903642	0.9990779160903642
0.9965474722564734	0.9962666666666666	0.9963005122367672	0.9968414403032217	0.9979845482028888	0.998576512455516	0.998472116119175	0.9990779160903642	0.9990779160903642	0.9990779160903642
0.9967940813810111	0.9965333333333334	0.9965850882185544	0.9971572962728995	0.9983204568357407	0.998576512455516	0.998472116119175	0.9990779160903642	0.9990779160903642	0.9990779160903642
0.9967940813810111	0.9965333333333334	0.9965850882185544	0.9971572962728995	0.9983204568357407	0.998576512455516	0.998472116119175	0.9990779160903642	0.9990779160903642	0.9990779160903642
0.9967940813810111	0.9965333333333334	0.9965850882185544	0.9971572962728995	0.9983204568357407	0.998576512455516	0.998472116119175	0.9990779160903642	0.9990779160903642	0.9990779160903642
0.9967940813810111	0.9965333333333334	0.9965850882185544	0.9971572962728995	0.9983204568357407	0.998576512455516	0.998472116119175	0.9990779160903642	0.9990779160903642	0.9990779160903642
0.9967940813810111	0.9965333333333334	0.9965850882185544	0.9971572962728995	0.9983204568357407	0.998576512455516	0.998472116119175	0.9990779160903642	0.9990779160903642	0.9990779160903642
0.9967940813810111	0.9965333333333334	0.9965850882185544	0.9971572962728995	0.9983204568357407	0.998576512455516	0.998472116119175	0.9990779160903642	0.9990779160903642	0.9990779160903642
0.9967940813810111	0.9965333333333334	0.9965850882185544	0.9971572962728995	0.9983204568357407	0.998576512455516	0.998472116119175	0.9990779160903642	0.9990779160903642	0.9990779160903642
0.9967940813810111	0.9965333333333334	0.9965850882185544	0.9971572962728995	0.9983204568357407	0.998576512455516	0.998472116119175	0.9990779160903642	0.9990779160903642	0.9990779160903642
0.9967940813810111	0.9965333333333334	0.9965850882185544	0.9971572962728995	0.9983204568357407	0.998576512455516	0.998472116119175	0.9990779160903642	0.9990779160903642	0.9990779160903642
0.9967940813810111	0.9965333333333334	0.9965850882185544	0.9971572962728995	0.9983204568357407	0.998576512455516	0.998472116119175	0.9990779160903642	0.9990779160903642	0.9990779160903642
0.9970406905055487	0.9968	0.9968696642003415	0.9971572962728995	0.9983204568357407	0.998576512455516	0.998472116119175	0.9990779160903642	0.9990779160903642	0.9990779160903642
0.9970406905055487	0.9968	0.9968696642003415	0.9971572962728995	0.9983204568357407	0.998576512455516	0.998472116119175	0.9990779160903642	0.9990779160903642	0.9990779160903642
0.9972872996300863	0.9970666666666667	0.9971542401821286	0.9974731522425774	0.9986563654685925	0.998932384341637	0.9988540870893812	0.9990779160903642	0.9990779160903642	0.9990779160903642
0.9975339087546239	0.9973333333333333	0.9974388161639157	0.9977890082122552	0.9986563654685925	0.998932384341637	0.9988540870893812	0.9990779160903642	0.9990779160903642	0.9990779160903642
0.9977805178791616	0.9976	0.9977233921457029	0.9977890082122552	0.9986563654685925	0.998932384341637	0.9988540870893812	0.9990779160903642	0.9990779160903642	0.9990779160903642
0.9980271270036991	0.9978666666666667	0.99800796812749	0.998104864181933	0.9986563654685925	0.998932384341637	0.9988540870893812	0.9990779160903642	0.9990779160903642	0.9990779160903642
0.9982737361282368	0.9981333333333333	0.9982925441092771	0.998104864181933	0.9986563654685925	0.998932384341637	0.9988540870893812	0.9990779160903642	0.9990779160903642	0.9990779160903642
0.9982737361282368	0.9981333333333333	0.9982925441092771	0.998104864181933	0.9986563654685925	0.998932384341637	0.9988540870893812	0.9990779160903642	0.9990779160903642	0.9990779160903642
0.9982737361282368	0.9981333333333333	0.9982925441092771	0.998104864181933	0.9986563654685925	0.998932384341637	0.9988540870893812	0.9990779160903642	0.9990779160903642	0.9990779160903642
0.998766954377312	0.9986666666666667	0.9988616960728515	0.9987365761212887	0.9989922741014444	0.999288256227758	0.9992360580595875	0.9990779160903642	0.9990779160903642	0.9990779160903642
0.9990135635018496	0.9989333333333333	0.9991462720546386	0.9990524320909665	0.9993281827342962	0.999644128113879	0.9996180290297937	0.9995389580451821	0.9995389580451821	0.9995389580451821
0.9990135635018496	0.9989333333333333	0.9991462720546386	0.9990524320909665	0.9993281827342962	0.999644128113879	0.9996180290297937	0.9995389580451821	0.9995389580451821	0.9995389580451821
0.9990135635018496	0.9989333333333333	0.9991462720546386	0.9990524320909665	0.9993281827342962	0.999644128113879	0.9996180290297937	0.9995389580451821	0.9995389580451821	0.9995389580451821
0.9992601726263872	0.9992	0.9991462720546386	0.9990524320909665	0.9993281827342962	0.999644128113879	0.9996180290297937	0.9995389580451821	0.9995389580451821	0.9995389580451821
0.9992601726263872	0.9992	0.9991462720546386	0.9990524320909665	0.9993281827342962	0.999644128113879	0.9996180290297937	0.9995389580451821	0.9995389580451821	0.9995389580451821
0.9995067817509248	0.9994666666666666	0.9994308480364257	0.9993682880606444	0.9993281827342962	0.999644128113879	0.9996180290297937	0.9995389580451821	0.9995389580451821	0.9995389580451821
0.9997533908754624	0.9997333333333334	0.9997154240182129	0.9996841440303221	0.9996640913671482	1.0	1.0	1.0	1.0	1.0
0.9997533908754624	0.9997333333333334	0.9997154240182129	0.9996841440303221	0.9996640913671482	1.0	1.0	1.0	1.0	1.0
0.9997533908754624	0.9997333333333334	0.9997154240182129	0.9996841440303221	0.9996640913671482	1.0	1.0	1.0	1.0	1.0
0.9997533908754624	0.9997333333333334	0.9997154240182129	0.9996841440303221	0.9996640913671482	1.0	1.0	1.0	1.0	1.0
0.9997533908754624	0.9997333333333334	0.9997154240182129	0.9996841440303221	0.9996640913671482	1.0	1.0	1.0	1.0	1.0
0.9997533908754624	0.9997333333333334	0.9997154240182129	0.9996841440303221	0.9996640913671482	1.0	1.0	1.0	1.0	1.0
0.9997533908754624	0.9997333333333334	0.9997154240182129	0.9996841440303221	0.9996640913671482	1.0	1.0	1.0	1.0	1.0
0.9997533908754624	0.9997333333333334	0.9997154240182129	0.9996841440303221	0.9996640913671482	1.0	1.0	1.0	1.0	1.0
0.9997533908754624	0.9997333333333334	0.9997154240182129	0.9996841440303221	0.9996640913671482	1.0	1.0	1.0	1.0	1.0
0.9997533908754624	0.9997333333333334	0.9997154240182129	0.9996841440303221	0.9996640913671482	1.0	1.0	1.0	1.0	1.0
0.9997533908754624	0.9997333333333334	0.9997154240182129	0.9996841440303221	0.9996640913671482	1.0	1.0	1.0	1.0	1.0
0.9997533908754624	0.9997333333333334	0.9997154240182129	0.9996841440303221	0.9996640913671482	1.0	1.0	1.0	1.0	1.0
0.9997533908754624	0.9997333333333334	0.9997154240182129	0.9996841440303221	0.9996640913671482	1.0	1.0	1.0	1.0	1.0
0.9997533908754624	0.9997333333333334	0.9997154240182129	0.9996841440303221	0.9996640913671482	1.0	1.0	1.0	1.0	1.0
0.9997533908754624	0.9997333333333334	0.9997154240182129	0.9996841440303221	0.9996640913671482	1.0	1.0	1.0	1.0	1.0
0.9997533908754624	0.9997333333333334	0.9997154240182129	0.9996841440303221	0.9996640913671482	1.0	1.0	1.0	1.0	1.0
0.9997533908754624	0.9997333333333334	0.9997154240182129	0.9996841440303221	0.9996640913671482	1.0	1.0	1.0	1.0	1.0
0.9997533908754624	0.9997333333333334	0.9997154240182129	0.9996841440303221	0.9996640913671482	1.0	1.0	1.0	1.0	1.0
0.9997533908754624	0.9997333333333334	0.9997154240182129	0.9996841440303221	0.9996640913671482	1.0	1.0	1.0	1.0	1.0
0.9997533908754624	0.9997333333333334	0.9997154240182129	0.9996841440303221	0.9996640913671482	1.0	1.0	1.0	1.0	1.0
0.9997533908754624	0.9997333333333334	0.9997154240182129	0.9996841440303221	0.9996640913671482	1.0	1.0	1.0	1.0	1.0
0.9997533908754624	0.9997333333333334	0.9997154240182129	0.9996841440303221	0.9996640913671482	1.0	1.0	1.0	1.0	1.0
0.9997533908754624	0.9997333333333334	0.9997154240182129	0.9996841440303221	0.9996640913671482	1.0	1.0	1.0	1.0	1.0
0.9997533908754624	0.9997333333333334	0.9997154240182129	0.9996841440303221	0.9996640913671482	1.0	1.0	1.0	1.0	1.0
0.9997533908754624	0.9997333333333334	0.9997154240182129	0.9996841440303221	0.9996640913671482	1.0	1.0	1.0	1.0	1.0
0.9997533908754624	0.9997333333333334	0.9997154240182129	0.9996841440303221	0.9996640913671482	1.0	1.0	1.0	1.0	1.0
0.9997533908754624	0.9997333333333334	0.9997154240182129	0.9996841440303221	0.9996640913671482	1.0	1.0	1.0	1.0	1.0
0.9997533908754624	0.9997333333333334	0.9997154240182129	0.9996841440303221	0.9996640913671482	1.0	1.0	1.0	1.0	1.0
0.9997533908754624	0.9997333333333334	0.9997154240182129	0.9996841440303221	0.9996640913671482	1.0	1.0	1.0	1.0	1.0
0.9997533908754624	0.9997333333333334	0.9997154240182129	0.9996841440303221	0.9996640913671482	1.0	1.0	1.0	1.0	1.0
1.0	1.0	1.0	1.0	1.0	1.0	1.0	1.0	1.0	1.0
1.0	1.0	1.0	1.0	1.0	1.0	1.0	1.0	1.0	1.0
1.0	1.0	1.0	1.0	1.0	1.0	1.0	1.0	1.0	1.0
1.0	1.0	1.0	1.0	1.0	1.0	1.0	1.0	1.0	1.0
1.0	1.0	1.0	1.0	1.0	1.0	1.0	1.0	1.0	1.0
1.0	1.0	1.0	1.0	1.0	1.0	1.0	1.0	1.0	1.0
1.0	1.0	1.0	1.0	1.0	1.0	1.0	1.0	1.0	1.0
1.0	1.0	1.0	1.0	1.0	1.0	1.0	1.0	1.0	1.0
1.0	1.0	1.0	1.0	1.0	1.0	1.0	1.0	1.0	1.0
1.0	1.0	1.0	1.0	1.0	1.0	1.0	1.0	1.0	1.0
1.0	1.0	1.0	1.0	1.0	1.0	1.0	1.0	1.0	1.0
1.0	1.0	1.0	1.0	1.0	1.0	1.0	1.0	1.0	1.0
1.0	1.0	1.0	1.0	1.0	1.0	1.0	1.0	1.0	1.0
1.0	1.0	1.0	1.0	1.0	1.0	1.0	1.0	1.0	1.0
1.0	1.0	1.0	1.0	1.0	1.0	1.0	1.0	1.0	1.0
1.0	1.0	1.0	1.0	1.0	1.0	1.0	1.0	1.0	1.0
1.0	1.0	1.0	1.0	1.0	1.0	1.0	1.0	1.0	1.0
1.0	1.0	1.0	1.0	1.0	1.0	1.0	1.0	1.0	1.0
1.0	1.0	1.0	1.0	1.0	1.0	1.0	1.0	1.0	1.0
1.0	1.0	1.0	1.0	1.0	1.0	1.0	1.0	1.0	1.0
1.0	1.0	1.0	1.0	1.0	1.0	1.0	1.0	1.0	1.0
1.0	1.0	1.0	1.0	1.0	1.0	1.0	1.0	1.0	1.0
1.0	1.0	1.0	1.0	1.0	1.0	1.0	1.0	1.0	1.0
1.0	1.0	1.0	1.0	1.0	1.0	1.0	1.0	1.0	1.0
1.0	1.0	1.0	1.0	1.0	1.0	1.0	1.0	1.0	1.0
1.0	1.0	1.0	1.0	1.0	1.0	1.0	1.0	1.0	1.0
1.0	1.0	1.0	1.0	1.0	1.0	1.0	1.0	1.0	1.0
1.0	1.0	1.0	1.0	1.0	1.0	1.0	1.0	1.0	1.0
1.0	1.0	1.0	1.0	1.0	1.0	1.0	1.0	1.0	1.0
1.0	1.0	1.0	1.0	1.0	1.0	1.0	1.0	1.0	1.0
1.0	1.0	1.0	1.0	1.0	1.0	1.0	1.0	1.0	1.0
1.0	1.0	1.0	1.0	1.0	1.0	1.0	1.0	1.0	1.0
1.0	1.0	1.0	1.0	1.0	1.0	1.0	1.0	1.0	1.0
1.0	1.0	1.0	1.0	1.0	1.0	1.0	1.0	1.0	1.0
1.0	1.0	1.0	1.0	1.0	1.0	1.0	1.0	1.0	1.0
1.0	1.0	1.0	1.0	1.0	1.0	1.0	1.0	1.0	1.0
1.0	1.0	1.0	1.0	1.0	1.0	1.0	1.0	1.0	1.0
1.0	1.0	1.0	1.0	1.0	1.0	1.0	1.0	1.0	1.0
1.0	1.0	1.0	1.0	1.0	1.0	1.0	1.0	1.0	1.0
1.0	1.0	1.0	1.0	1.0	1.0	1.0	1.0	1.0	1.0
1.0	1.0	1.0	1.0	1.0	1.0	1.0	1.0	1.0	1.0
1.0	1.0	1.0	1.0	1.0	1.0	1.0	1.0	1.0	1.0
1.0	1.0	1.0	1.0	1.0	1.0	1.0	1.0	1.0	1.0
1.0	1.0	1.0	1.0	1.0	1.0	1.0	1.0	1.0	1.0
1.0	1.0	1.0	1.0	1.0	1.0	1.0	1.0	1.0	1.0
1.0	1.0	1.0	1.0	1.0	1.0	1.0	1.0	1.0	1.0
1.0	1.0	1.0	1.0	1.0	1.0	1.0	1.0	1.0	1.0
1.0	1.0	1.0	1.0	1.0	1.0	1.0	1.0	1.0	1.0
1.0	1.0	1.0	1.0	1.0	1.0	1.0	1.0	1.0	1.0
1.0	1.0	1.0	1.0	1.0	1.0	1.0	1.0	1.0	1.0
1.0	1.0	1.0	1.0	1.0	1.0	1.0	1.0	1.0	1.0
1.0	1.0	1.0	1.0	1.0	1.0	1.0	1.0	1.0	1.0
1.0	1.0	1.0	1.0	1.0	1.0	1.0	1.0	1.0	1.0
1.0	1.0	1.0	1.0	1.0	1.0	1.0	1.0	1.0	1.0
1.0	1.0	1.0	1.0	1.0	1.0	1.0	1.0	1.0	1.0
1.0	1.0	1.0	1.0	1.0	1.0	1.0	1.0	1.0	1.0
1.0	1.0	1.0	1.0	1.0	1.0	1.0	1.0	1.0	1.0
1.0	1.0	1.0	1.0	1.0	1.0	1.0	1.0	1.0	1.0
1.0	1.0	1.0	1.0	1.0	1.0	1.0	1.0	1.0	1.0
1.0	1.0	1.0	1.0	1.0	1.0	1.0	1.0	1.0	1.0
1.0	1.0	1.0	1.0	1.0	1.0	1.0	1.0	1.0	1.0
1.0	1.0	1.0	1.0	1.0	1.0	1.0	1.0	1.0	1.0
1.0	1.0	1.0	1.0	1.0	1.0	1.0	1.0	1.0	1.0
1.0	1.0	1.0	1.0	1.0	1.0	1.0	1.0	1.0	1.0
1.0	1.0	1.0	1.0	1.0	1.0	1.0	1.0	1.0	1.0
1.0	1.0	1.0	1.0	1.0	1.0	1.0	1.0	1.0	1.0
1.0	1.0	1.0	1.0	1.0	1.0	1.0	1.0	1.0	1.0
1.0	1.0	1.0	1.0	1.0	1.0	1.0	1.0	1.0	1.0
1.0	1.0	1.0	1.0	1.0	1.0	1.0	1.0	1.0	1.0
1.0	1.0	1.0	1.0	1.0	1.0	1.0	1.0	1.0	1.0
1.0	1.0	1.0	1.0	1.0	1.0	1.0	1.0	1.0	1.0
1.0	1.0	1.0	1.0	1.0	1.0	1.0	1.0	1.0	1.0
1.0	1.0	1.0	1.0	1.0	1.0	1.0	1.0	1.0	1.0
1.0	1.0	1.0	1.0	1.0	1.0	1.0	1.0	1.0	1.0
1.0	1.0	1.0	1.0	1.0	1.0	1.0	1.0	1.0	1.0
1.0	1.0	1.0	1.0	1.0	1.0	1.0	1.0	1.0	1.0
1.0	1.0	1.0	1.0	1.0	1.0	1.0	1.0	1.0	1.0
1.0	1.0	1.0	1.0	1.0	1.0	1.0	1.0	1.0	1.0
1.0	1.0	1.0	1.0	1.0	1.0	1.0	1.0	1.0	1.0
1.0	1.0	1.0	1.0	1.0	1.0	1.0	1.0	1.0	1.0
1.0	1.0	1.0	1.0	1.0	1.0	1.0	1.0	1.0	1.0
1.0	1.0	1.0	1.0	1.0	1.0	1.0	1.0	1.0	1.0
1.0	1.0	1.0	1.0	1.0	1.0	1.0	1.0	1.0	1.0
1.0	1.0	1.0	1.0	1.0	1.0	1.0	1.0	1.0	1.0
1.0	1.0	1.0	1.0	1.0	1.0	1.0	1.0	1.0	1.0
1.0	1.0	1.0	1.0	1.0	1.0	1.0	1.0	1.0	1.0
1.0	1.0	1.0	1.0	1.0	1.0	1.0	1.0	1.0	1.0
1.0	1.0	1.0	1.0	1.0	1.0	1.0	1.0	1.0	1.0
1.0	1.0	1.0	1.0	1.0	1.0	1.0	1.0	1.0	1.0
1.0	1.0	1.0	1.0	1.0	1.0	1.0	1.0	1.0	1.0
1.0	1.0	1.0	1.0	1.0	1.0	1.0	1.0	1.0	1.0
1.0	1.0	1.0	1.0	1.0	1.0	1.0	1.0	1.0	1.0
1.0	1.0	1.0	1.0	1.0	1.0	1.0	1.0	1.0	1.0
1.0	1.0	1.0	1.0	1.0	1.0	1.0	1.0	1.0	1.0
1.0	1.0	1.0	1.0	1.0	1.0	1.0	1.0	1.0	1.0
1.0	1.0	1.0	1.0	1.0	1.0	1.0	1.0	1.0	1.0
1.0	1.0	1.0	1.0	1.0	1.0	1.0	1.0	1.0	1.0
1.0	1.0	1.0	1.0	1.0	1.0	1.0	1.0	1.0	1.0
1.0	1.0	1.0	1.0	1.0	1.0	1.0	1.0	1.0	1.0
1.0	1.0	1.0	1.0	1.0	1.0	1.0	1.0	1.0	1.0
1.0	1.0	1.0	1.0	1.0	1.0	1.0	1.0	1.0	1.0
1.0	1.0	1.0	1.0	1.0	1.0	1.0	1.0	1.0	1.0
1.0	1.0	1.0	1.0	1.0	1.0	1.0	1.0	1.0	1.0
1.0	1.0	1.0	1.0	1.0	1.0	1.0	1.0	1.0	1.0
1.0	1.0	1.0	1.0	1.0	1.0	1.0	1.0	1.0	1.0
1.0	1.0	1.0	1.0	1.0	1.0	1.0	1.0	1.0	1.0
1.0	1.0	1.0	1.0	1.0	1.0	1.0	1.0	1.0	1.0
1.0	1.0	1.0	1.0	1.0	1.0	1.0	1.0	1.0	1.0
1.0	1.0	1.0	1.0	1.0	1.0	1.0	1.0	1.0	1.0
1.0	1.0	1.0	1.0	1.0	1.0	1.0	1.0	1.0	1.0
1.0	1.0	1.0	1.0	1.0	1.0	1.0	1.0	1.0	1.0
1.0	1.0	1.0	1.0	1.0	1.0	1.0	1.0	1.0	1.0
1.0	1.0	1.0	1.0	1.0	1.0	1.0	1.0	1.0	1.0
1.0	1.0	1.0	1.0	1.0	1.0	1.0	1.0	1.0	1.0
1.0	1.0	1.0	1.0	1.0	1.0	1.0	1.0	1.0	1.0
1.0	1.0	1.0	1.0	1.0	1.0	1.0	1.0	1.0	1.0
1.0	1.0	1.0	1.0	1.0	1.0	1.0	1.0	1.0	1.0
1.0	1.0	1.0	1.0	1.0	1.0	1.0	1.0	1.0	1.0
1.0	1.0	1.0	1.0	1.0	1.0	1.0	1.0	1.0	1.0
1.0	1.0	1.0	1.0	1.0	1.0	1.0	1.0	1.0	1.0
1.0	1.0	1.0	1.0	1.0	1.0	1.0	1.0	1.0	1.0
1.0	1.0	1.0	1.0	1.0	1.0	1.0	1.0	1.0	1.0
1.0	1.0	1.0	1.0	1.0	1.0	1.0	1.0	1.0	1.0
1.0	1.0	1.0	1.0	1.0	1.0	1.0	1.0	1.0	1.0
1.0	1.0	1.0	1.0	1.0	1.0	1.0	1.0	1.0	1.0
1.0	1.0	1.0	1.0	1.0	1.0	1.0	1.0	1.0	1.0
1.0	1.0	1.0	1.0	1.0	1.0	1.0	1.0	1.0	1.0
1.0	1.0	1.0	1.0	1.0	1.0	1.0	1.0	1.0	1.0
1.0	1.0	1.0	1.0	1.0	1.0	1.0	1.0	1.0	1.0
1.0	1.0	1.0	1.0	1.0	1.0	1.0	1.0	1.0	1.0
1.0	1.0	1.0	1.0	1.0	1.0	1.0	1.0	1.0	1.0
1.0	1.0	1.0	1.0	1.0	1.0	1.0	1.0	1.0	1.0
1.0	1.0	1.0	1.0	1.0	1.0	1.0	1.0	1.0	1.0
1.0	1.0	1.0	1.0	1.0	1.0	1.0	1.0	1.0	1.0
1.0	1.0	1.0	1.0	1.0	1.0	1.0	1.0	1.0	1.0
1.0	1.0	1.0	1.0	1.0	1.0	1.0	1.0	1.0	1.0
1.0	1.0	1.0	1.0	1.0	1.0	1.0	1.0	1.0	1.0
1.0	1.0	1.0	1.0	1.0	1.0	1.0	1.0	1.0	1.0
1.0	1.0	1.0	1.0	1.0	1.0	1.0	1.0	1.0	1.0
1.0	1.0	1.0	1.0	1.0	1.0	1.0	1.0	1.0	1.0
1.0	1.0	1.0	1.0	1.0	1.0	1.0	1.0	1.0	1.0
1.0	1.0	1.0	1.0	1.0	1.0	1.0	1.0	1.0	1.0
1.0	1.0	1.0	1.0	1.0	1.0	1.0	1.0	1.0	1.0
1.0	1.0	1.0	1.0	1.0	1.0	1.0	1.0	1.0	1.0
1.0	1.0	1.0	1.0	1.0	1.0	1.0	1.0	1.0	1.0
1.0	1.0	1.0	1.0	1.0	1.0	1.0	1.0	1.0	1.0
1.0	1.0	1.0	1.0	1.0	1.0	1.0	1.0	1.0	1.0
1.0	1.0	1.0	1.0	1.0	1.0	1.0	1.0	1.0	1.0
1.0	1.0	1.0	1.0	1.0	1.0	1.0	1.0	1.0	1.0
1.0	1.0	1.0	1.0	1.0	1.0	1.0	1.0	1.0	1.0
1.0	1.0	1.0	1.0	1.0	1.0	1.0	1.0	1.0	1.0
1.0	1.0	1.0	1.0	1.0	1.0	1.0	1.0	1.0	1.0
1.0	1.0	1.0	1.0	1.0	1.0	1.0	1.0	1.0	1.0
1.0	1.0	1.0	1.0	1.0	1.0	1.0	1.0	1.0	1.0
1.0	1.0	1.0	1.0	1.0	1.0	1.0	1.0	1.0	1.0
1.0	1.0	1.0	1.0	1.0	1.0	1.0	1.0	1.0	1.0
1.0	1.0	1.0	1.0	1.0	1.0	1.0	1.0	1.0	1.0
1.0	1.0	1.0	1.0	1.0	1.0	1.0	1.0	1.0	1.0
1.0	1.0	1.0	1.0	1.0	1.0	1.0	1.0	1.0	1.0
1.0	1.0	1.0	1.0	1.0	1.0	1.0	1.0	1.0	1.0
1.0	1.0	1.0	1.0	1.0	1.0	1.0	1.0	1.0	1.0
1.0	1.0	1.0	1.0	1.0	1.0	1.0	1.0	1.0	1.0
1.0	1.0	1.0	1.0	1.0	1.0	1.0	1.0	1.0	1.0
1.0	1.0	1.0	1.0	1.0	1.0	1.0	1.0	1.0	1.0
1.0	1.0	1.0	1.0	1.0	1.0	1.0	1.0	1.0	1.0
1.0	1.0	1.0	1.0	1.0	1.0	1.0	1.0	1.0	1.0
1.0	1.0	1.0	1.0	1.0	1.0	1.0	1.0	1.0	1.0
1.0	1.0	1.0	1.0	1.0	1.0	1.0	1.0	1.0	1.0
1.0	1.0	1.0	1.0	1.0	1.0	1.0	1.0	1.0	1.0
1.0	1.0	1.0	1.0	1.0	1.0	1.0	1.0	1.0	1.0
1.0	1.0	1.0	1.0	1.0	1.0	1.0	1.0	1.0	1.0
1.0	1.0	1.0	1.0	1.0	1.0	1.0	1.0	1.0	1.0
1.0	1.0	1.0	1.0	1.0	1.0	1.0	1.0	1.0	1.0
1.0	1.0	1.0	1.0	1.0	1.0	1.0	1.0	1.0	1.0
1.0	1.0	1.0	1.0	1.0	1.0	1.0	1.0	1.0	1.0
1.0	1.0	1.0	1.0	1.0	1.0	1.0	1.0	1.0	1.0
1.0	1.0	1.0	1.0	1.0	1.0	1.0	1.0	1.0	1.0
1.0	1.0	1.0	1.0	1.0	1.0	1.0	1.0	1.0	1.0
1.0	1.0	1.0	1.0	1.0	1.0	1.0	1.0	1.0	1.0
1.0	1.0	1.0	1.0	1.0	1.0	1.0	1.0	1.0	1.0
1.0	1.0	1.0	1.0	1.0	1.0	1.0	1.0	1.0	1.0
1.0	1.0	1.0	1.0	1.0	1.0	1.0	1.0	1.0	1.0
1.0	1.0	1.0	1.0	1.0	1.0	1.0	1.0	1.0	1.0
1.0	1.0	1.0	1.0	1.0	1.0	1.0	1.0	1.0	1.0
1.0	1.0	1.0	1.0	1.0	1.0	1.0	1.0	1.0	1.0
1.0	1.0	1.0	1.0	1.0	1.0	1.0	1.0	1.0	1.0
1.0	1.0	1.0	1.0	1.0	1.0	1.0	1.0	1.0	1.0
1.0	1.0	1.0	1.0	1.0	1.0	1.0	1.0	1.0	1.0
1.0	1.0	1.0	1.0	1.0	1.0	1.0	1.0	1.0	1.0
1.0	1.0	1.0	1.0	1.0	1.0	1.0	1.0	1.0	1.0
1.0	1.0	1.0	1.0	1.0	1.0	1.0	1.0	1.0	1.0
1.0	1.0	1.0	1.0	1.0	1.0	1.0	1.0	1.0	1.0
1.0	1.0	1.0	1.0	1.0	1.0	1.0	1.0	1.0	1.0
1.0	1.0	1.0	1.0	1.0	1.0	1.0	1.0	1.0	1.0
1.0	1.0	1.0	1.0	1.0	1.0	1.0	1.0	1.0	1.0
1.0	1.0	1.0	1.0	1.0	1.0	1.0	1.0	1.0	1.0
1.0	1.0	1.0	1.0	1.0	1.0	1.0	1.0	1.0	1.0
1.0	1.0	1.0	1.0	1.0	1.0	1.0	1.0	1.0	1.0
1.0	1.0	1.0	1.0	1.0	1.0	1.0	1.0	1.0	1.0
1.0	1.0	1.0	1.0	1.0	1.0	1.0	1.0	1.0	1.0
1.0	1.0	1.0	1.0	1.0	1.0	1.0	1.0	1.0	1.0
1.0	1.0	1.0	1.0	1.0	1.0	1.0	1.0	1.0	1.0
1.0	1.0	1.0	1.0	1.0	1.0	1.0	1.0	1.0	1.0
1.0	1.0	1.0	1.0	1.0	1.0	1.0	1.0	1.0	1.0
1.0	1.0	1.0	1.0	1.0	1.0	1.0	1.0	1.0	1.0
1.0	1.0	1.0	1.0	1.0	1.0	1.0	1.0	1.0	1.0
1.0	1.0	1.0	1.0	1.0	1.0	1.0	1.0	1.0	1.0
1.0	1.0	1.0	1.0	1.0	1.0	1.0	1.0	1.0	1.0
1.0	1.0	1.0	1.0	1.0	1.0	1.0	1.0	1.0	1.0
1.0	1.0	1.0	1.0	1.0	1.0	1.0	1.0	1.0	1.0
1.0	1.0	1.0	1.0	1.0	1.0	1.0	1.0	1.0	1.0
1.0	1.0	1.0	1.0	1.0	1.0	1.0	1.0	1.0	1.0
1.0	1.0	1.0	1.0	1.0	1.0	1.0	1.0	1.0	1.0
1.0	1.0	1.0	1.0	1.0	1.0	1.0	1.0	1.0	1.0
1.0	1.0	1.0	1.0	1.0	1.0	1.0	1.0	1.0	1.0
1.0	1.0	1.0	1.0	1.0	1.0	1.0	1.0	1.0	1.0
1.0	1.0	1.0	1.0	1.0	1.0	1.0	1.0	1.0	1.0
1.0	1.0	1.0	1.0	1.0	1.0	1.0	1.0	1.0	1.0
1.0	1.0	1.0	1.0	1.0	1.0	1.0	1.0	1.0	1.0
1.0	1.0	1.0	1.0	1.0	1.0	1.0	1.0	1.0	1.0
1.0	1.0	1.0	1.0	1.0	1.0	1.0	1.0	1.0	1.0
1.0	1.0	1.0	1.0	1.0	1.0	1.0	1.0	1.0	1.0
1.0	1.0	1.0	1.0	1.0	1.0	1.0	1.0	1.0	1.0
